13

1 10 6 9 13 5 10 3 10 12 9 7 3 12 11 
4 7 7 10 10 9 4 0 2 7 13 1 11 6 8 
11 10 11 13 2 1 11 11 13 13 8 4 3 8 9 
2 1 5 13 12 2 11 10 12 12 8 2 3 3 7 
2 3 10 6 2 0 7 8 11 13 0 9 6 2 9 
5 5 1 2 11 5 13 1 1 9 9 11 12 9 11 
1 3 0 2 9 0 9 1 12 3 3 0 6 8 4 
1 8 4 7 4 8 7 7 10 13 0 5 7 4 6 
5 13 4 13 10 11 4 7 6 2 8 10 6 5 6 
12 5 4 6 4 9 9 9 1 7 0 1 8 2 0 
0 6 6 4 9 6 0 10 7 7 0 3 8 12 1 
8 12 11 3 8 13 12 3 11 8 13 5 13 4 1 
5 7 5 2 4 11 0 12 10 5 0 6 12 3 12 
10 5 1 8 2 12 13 4 10 2 0 3 6 3 5 

1 0 1 1 1 0 1 1 1 0 0 1 1 0 0 0 1 0 1 0 0 1 0 0 0 1 1 0 0 1 0 1 0 1 0 0 0 0 0 1 0 0 0 1 1 0 1 1 0 1 0 1 1 1 1 1 1 1 1 0 0 1 1 1 1 0 1 1 0 0 0 1 0 1 1 0 1 1 1 1 0 0 0 0 0 1 1 0 1 0 0 1 1 1 0 1 1 1 0 0 0 0 0 0 0 
