20

19 6 19 19 10 15 5 20 3 2 13 2 2 8 18 4 2 16 9 0 2 3 
12 18 0 3 10 16 3 15 15 0 11 19 18 13 11 5 16 13 20 20 12 8 
4 11 0 1 7 6 5 5 1 2 5 9 13 14 3 15 16 4 3 20 20 18 
11 14 13 10 18 10 17 3 19 3 6 19 17 10 17 5 20 19 13 5 14 7 
15 13 8 9 11 13 14 7 0 8 14 0 12 5 20 20 20 14 17 15 14 2 
9 7 8 12 11 11 7 0 1 15 19 6 20 14 4 0 10 2 11 17 10 8 
3 4 17 6 2 10 16 11 1 9 16 14 11 18 1 14 1 6 9 12 12 19 
16 13 10 0 4 12 12 13 13 1 20 9 8 9 2 6 15 12 6 0 6 14 
19 13 2 15 17 2 11 9 9 17 8 4 4 9 2 15 8 4 16 16 11 11 
9 18 18 12 8 5 1 1 10 0 10 17 17 18 5 4 0 1 16 8 18 15 
1 14 2 9 20 8 10 13 6 0 19 11 18 20 6 16 17 5 15 17 1 10 
19 9 4 5 3 17 3 15 15 7 1 3 12 2 18 3 1 7 3 12 1 15 
18 11 10 14 11 7 16 18 12 3 7 7 6 20 11 9 20 5 15 12 14 3 
15 16 8 15 17 19 4 17 4 17 6 15 2 11 12 3 1 6 13 7 11 9 
11 8 17 12 8 2 7 20 4 6 4 9 8 13 0 6 18 7 5 14 5 2 
14 7 17 18 7 18 10 1 5 19 16 17 4 6 6 6 14 10 18 12 12 0 
10 20 14 16 3 0 4 7 7 2 6 10 15 11 16 8 14 16 0 17 12 0 
1 11 16 9 16 2 20 8 1 10 16 19 6 5 18 7 5 5 13 9 16 10 
8 1 15 2 5 19 12 19 7 19 8 18 14 1 4 15 20 3 17 19 10 13 
14 7 8 5 4 20 0 13 14 6 9 18 4 1 9 19 18 20 10 8 16 9 
20 13 3 3 19 4 5 7 13 13 17 0 2 4 3 0 19 13 12 7 12 0 

1 1 0 1 1 1 1 0 0 0 1 1 0 1 1 1 1 0 0 1 1 1 1 1 1 0 1 1 0 0 0 1 1 1 1 0 0 0 1 1 0 0 1 1 0 1 1 0 1 1 1 1 1 0 1 0 0 1 1 0 1 1 0 1 0 1 0 0 0 1 0 1 1 1 1 1 0 1 0 0 1 0 0 1 1 1 1 1 1 1 1 1 1 0 0 0 1 0 1 1 1 0 0 1 1 0 0 1 0 1 0 0 1 0 1 1 0 1 0 0 0 1 0 1 0 1 1 0 0 1 1 0 1 1 0 1 0 1 0 0 0 0 0 0 0 0 1 1 1 1 1 1 0 1 1 0 1 0 1 0 1 0 1 0 1 1 1 1 1 1 0 1 0 1 0 1 0 1 1 1 1 0 1 1 1 0 0 1 1 1 1 0 0 1 1 0 0 1 1 1 1 0 1 1 0 0 1 1 0 0 1 1 0 0 1 1 0 0 1 0 0 1 0 0 0 0 0 0 0 0 0 
