19

11 6 16 5 16 1 6 8 3 13 1 14 8 10 6 11 0 4 9 1 18 
16 7 11 11 2 15 4 17 4 2 1 12 5 1 7 2 16 16 7 8 8 
15 19 18 5 12 15 18 14 13 6 11 4 7 15 15 12 8 6 18 6 1 
7 9 4 5 10 18 19 17 16 0 13 4 14 5 4 12 7 15 16 9 13 
10 1 16 8 5 5 10 7 10 10 14 15 8 15 15 11 19 19 7 6 18 
15 12 7 7 1 0 5 8 3 15 1 9 9 14 7 12 13 19 6 16 16 
17 11 6 9 9 11 3 12 15 8 11 1 14 4 5 2 3 0 3 0 9 
18 18 17 5 12 15 6 14 17 17 19 10 2 8 9 2 15 8 4 9 2 
2 6 8 6 18 14 4 0 2 16 12 14 10 0 12 8 13 11 1 0 6 
13 2 9 8 6 4 5 15 0 8 12 5 14 17 16 3 8 13 16 8 18 
17 4 11 19 3 4 12 17 2 18 4 0 14 11 9 13 2 11 17 6 8 
5 3 18 13 3 0 15 11 8 17 11 0 19 19 14 0 14 10 1 12 5 
10 1 8 5 2 16 5 15 2 12 11 9 12 13 3 9 17 13 11 18 19 
11 12 16 13 2 10 12 9 18 12 10 18 13 13 1 19 14 13 18 0 1 
3 7 3 1 14 3 15 3 19 4 9 11 17 19 4 0 14 7 3 2 0 
10 13 6 10 11 7 17 5 10 16 6 7 7 15 4 10 19 12 12 1 12 
4 16 17 17 14 0 1 3 14 14 6 7 17 2 7 19 9 0 3 19 9 
6 15 13 14 17 18 15 10 4 1 7 18 10 14 16 2 9 16 2 13 9 
16 19 3 18 5 7 6 17 0 4 11 10 10 13 18 5 2 0 10 13 2 
5 19 6 18 3 4 19 3 19 16 5 19 8 0 7 1 9 3 17 17 1 

0 1 0 0 1 0 1 1 0 1 0 0 0 0 0 0 0 1 1 0 1 1 0 0 1 1 1 0 1 0 0 0 1 1 1 0 1 1 0 0 1 0 1 0 1 1 0 1 0 0 1 0 1 0 0 0 0 1 0 1 1 0 1 0 0 0 1 0 0 0 1 1 1 0 1 0 0 1 1 1 0 1 1 1 1 0 1 0 1 1 1 0 1 1 1 0 1 0 0 1 0 0 1 1 0 1 0 0 0 1 0 1 1 1 0 1 1 1 1 1 0 0 0 1 1 0 1 1 1 0 1 1 1 1 1 1 1 0 0 1 0 1 1 1 1 0 1 0 1 1 1 1 0 1 1 0 1 0 0 1 1 0 1 0 1 1 0 0 1 1 1 1 1 0 1 0 1 0 0 1 1 0 1 1 1 1 0 1 1 1 1 0 0 0 1 1 1 1 1 0 0 1 1 0 0 0 0 0 0 0 
