15

1 5 14 4 15 14 12 7 8 8 3 13 4 11 9 9 15 
3 1 6 10 1 15 10 13 1 15 2 13 4 10 0 13 8 
3 7 10 7 9 5 4 7 10 9 1 2 0 13 8 6 13 
8 14 13 9 10 5 6 6 8 2 14 10 2 5 13 13 15 
0 0 1 1 1 3 4 15 7 6 2 0 14 14 14 0 15 
0 1 7 11 7 13 4 8 0 10 1 3 9 3 12 0 10 
5 8 14 5 14 9 5 9 11 5 3 12 2 6 5 9 14 
8 8 15 7 3 12 0 11 15 12 15 12 5 2 7 15 3 
0 6 15 2 4 14 7 4 14 2 9 12 5 11 0 13 8 
0 8 3 9 4 11 10 1 11 3 5 12 7 3 9 14 0 
15 0 12 10 10 11 7 8 1 9 8 2 15 13 6 1 11 
10 5 9 6 12 9 2 12 6 7 3 6 11 10 13 5 4 
6 12 9 1 11 8 4 11 5 7 7 0 13 9 12 8 3 
12 1 15 14 6 1 6 7 4 2 7 4 15 11 11 2 13 
4 12 14 10 13 11 5 3 14 0 12 13 14 2 2 4 1 
6 11 5 2 12 8 11 3 10 2 15 3 4 10 4 6 6 

0 0 0 1 0 0 0 1 0 1 1 1 1 0 1 1 0 0 1 0 1 1 1 1 1 0 1 0 1 0 1 1 1 1 0 0 0 0 1 0 1 0 0 1 0 1 0 1 1 0 1 0 0 1 1 0 1 1 1 0 1 1 0 1 0 1 1 0 1 0 0 0 1 1 1 1 1 1 1 0 0 1 0 1 1 1 1 1 0 0 1 0 0 1 1 0 0 0 1 1 1 0 1 0 1 1 1 0 0 0 1 0 1 0 0 0 1 1 0 0 0 0 1 1 1 0 0 0 0 0 0 0 0 0 0 0 
