17

0 9 2 15 12 6 9 10 11 10 9 1 10 3 10 10 10 15 12 
17 0 16 4 8 11 3 0 14 0 11 3 9 12 14 17 3 10 9 
17 3 0 0 12 15 3 7 3 12 7 5 9 17 10 5 10 15 17 
2 10 5 15 17 17 10 4 7 11 16 12 4 4 2 3 17 13 13 
10 4 7 14 13 9 14 5 15 12 5 7 10 9 13 8 2 3 12 
7 2 1 12 5 16 8 7 3 2 0 12 13 8 5 3 4 3 10 
0 17 17 9 4 2 7 9 12 0 12 12 16 7 7 6 17 9 11 
13 11 13 6 11 6 15 8 11 8 12 5 7 0 5 9 14 4 15 
13 6 1 13 8 4 1 4 16 15 8 17 14 16 12 12 1 5 9 
3 11 17 9 2 7 6 5 10 8 11 16 6 6 0 17 2 1 10 
6 7 16 9 16 6 8 14 4 3 15 13 9 9 11 7 3 16 6 
15 14 7 5 1 10 1 2 8 5 16 7 14 9 2 2 2 0 5 
1 12 0 0 1 7 1 15 0 15 1 6 2 3 6 5 8 5 11 
1 1 14 17 13 8 16 14 13 12 11 16 6 13 0 17 2 8 10 
15 0 15 15 4 6 14 13 10 17 8 7 11 14 4 13 16 5 11 
4 4 3 15 17 8 5 8 13 2 14 9 11 6 6 6 16 5 13 
2 4 14 11 15 16 2 8 14 6 0 13 1 16 15 8 16 14 1 
3 1 4 14 11 17 13 16 14 1 0 12 4 2 11 4 7 3 1 

0 0 0 1 0 1 0 1 1 1 0 1 1 1 1 0 0 0 0 0 0 0 1 0 0 1 1 1 0 1 1 1 1 1 1 0 1 1 0 1 1 1 1 1 1 1 1 0 1 1 1 1 0 1 1 1 1 0 0 0 1 1 1 1 1 0 0 0 0 1 1 1 1 1 1 1 1 1 0 0 1 0 1 1 1 0 1 1 1 0 0 1 1 0 0 1 1 1 0 0 1 0 1 1 1 1 0 0 1 1 0 0 1 0 0 1 0 0 0 1 1 1 1 1 0 0 0 0 1 1 0 1 1 0 0 1 0 1 0 1 0 1 1 1 1 1 1 1 1 0 1 1 0 1 1 1 1 1 1 1 0 0 0 0 0 0 0 0 0 0 0 
