18

13 7 11 6 14 5 17 7 1 4 0 5 2 7 11 5 14 15 1 18 
15 0 11 4 17 1 2 12 18 14 17 6 8 5 5 16 14 17 6 15 
12 0 12 4 10 16 1 12 9 18 6 1 11 5 6 7 12 2 0 15 
7 6 2 17 2 12 12 7 14 17 5 3 10 1 8 7 10 14 14 3 
5 10 4 0 5 8 6 0 2 11 18 0 0 1 8 7 10 17 14 0 
18 12 7 15 8 9 10 13 13 16 15 1 12 13 0 3 2 1 15 7 
11 2 14 18 4 8 16 16 7 9 18 13 9 10 3 16 12 11 15 12 
12 0 14 7 0 10 18 4 5 15 9 9 13 7 1 10 0 13 11 3 
1 7 2 6 13 18 11 2 8 4 14 11 8 8 10 15 0 18 5 8 
1 5 4 9 14 9 5 6 6 17 3 14 18 18 9 13 4 3 11 16 
8 4 11 10 14 0 13 7 0 2 4 13 18 10 10 13 17 1 15 14 
4 13 17 4 9 11 3 8 14 13 16 16 8 1 8 10 12 14 15 9 
6 18 2 16 1 3 15 2 18 1 12 18 15 17 10 4 13 17 17 18 
13 3 0 5 13 17 4 15 4 16 11 8 16 12 14 0 6 9 2 16 
12 5 17 3 5 5 7 13 16 12 10 10 1 15 4 16 16 1 4 3 
13 10 5 15 10 11 8 12 0 6 3 7 15 2 12 9 6 9 2 9 
16 2 10 14 17 18 5 5 6 14 9 3 6 1 4 8 2 12 9 0 
17 2 17 7 1 6 8 16 9 6 3 15 18 11 3 3 2 17 9 4 
9 3 11 18 13 8 16 17 15 6 6 3 16 7 3 11 11 8 11 7 

0 0 1 1 0 0 0 1 0 0 1 0 1 1 1 1 1 1 0 0 1 0 1 0 0 1 1 1 1 1 1 1 1 0 1 0 1 1 1 0 1 1 1 1 0 1 1 1 1 1 1 1 1 1 1 0 1 0 1 1 1 0 0 0 0 0 0 1 0 0 1 1 0 0 1 1 1 0 0 0 0 0 0 1 1 0 0 0 0 0 0 1 0 0 1 1 1 0 0 1 1 1 0 1 0 0 1 1 0 1 1 1 1 1 0 0 0 1 1 1 1 0 1 1 1 0 1 1 0 1 1 1 1 0 1 1 1 1 0 0 1 1 0 1 1 1 1 1 1 1 1 1 1 1 1 0 1 1 1 1 1 1 0 0 0 0 0 1 1 1 1 0 1 1 1 1 0 1 1 1 1 0 1 1 1 1 0 0 0 0 
