11

2 4 4 1 1 11 0 8 0 7 3 9 0 
5 6 3 11 7 7 8 4 6 4 9 5 1 
7 0 0 1 8 6 1 3 2 5 3 1 5 
5 1 10 9 0 8 8 2 2 4 5 1 10 
2 9 10 9 2 3 0 2 0 6 3 2 7 
6 7 6 6 7 6 5 6 11 8 3 8 1 
10 9 11 7 11 5 9 0 11 0 3 10 4 
2 10 7 7 7 4 11 10 3 0 4 5 6 
3 8 5 2 3 2 10 11 4 4 10 7 8 
1 10 5 11 9 6 0 5 5 10 10 1 3 
8 11 6 9 8 9 11 8 4 4 6 10 11 
8 2 3 4 1 1 9 2 9 0 9 7 11 

0 0 1 0 1 1 1 0 1 0 1 1 0 0 0 1 0 0 0 0 1 1 1 1 0 1 1 0 1 1 1 1 1 1 1 0 0 0 0 0 1 1 0 0 1 1 0 1 0 1 0 1 1 1 1 1 1 1 1 1 0 1 1 1 0 1 1 0 0 0 1 1 1 0 0 0 0 0 
