12

8 0 1 5 9 7 7 6 3 0 11 12 2 10 
2 6 10 4 9 10 8 8 0 0 6 12 5 2 
11 7 5 12 6 12 0 3 8 12 2 5 6 5 
2 4 6 7 9 8 3 10 8 9 9 4 1 12 
4 3 2 2 3 12 5 3 0 5 7 8 6 8 
8 11 1 9 4 3 5 3 6 2 5 11 6 4 
5 9 11 10 10 7 0 9 4 0 8 7 10 4 
11 5 1 1 12 1 8 4 12 3 1 0 12 0 
1 11 10 4 1 12 1 4 11 5 7 0 10 8 
1 6 1 3 8 6 9 1 11 10 0 3 7 4 
9 6 0 2 9 10 12 7 3 2 3 2 2 7 
4 8 11 11 11 10 7 9 11 12 5 5 9 2 
0 10 12 9 6 10 7 7 2 11 4 1 6 3 

1 1 1 0 1 0 1 0 1 1 1 1 1 1 1 1 1 0 1 1 1 1 1 1 1 1 1 1 0 0 1 1 1 1 0 1 0 1 1 1 1 1 1 1 0 1 1 0 0 1 1 0 1 1 1 1 1 0 1 1 0 1 1 1 0 1 1 1 1 0 1 0 1 1 1 1 1 1 1 0 0 0 1 1 0 0 0 0 0 0 0 
