14

9 12 14 3 5 5 13 11 13 8 5 3 1 5 4 12 
0 10 14 0 0 4 9 1 2 0 10 4 7 1 1 11 
10 12 8 3 11 13 14 12 4 9 6 5 9 9 10 11 
10 5 7 9 11 10 9 2 12 3 8 7 2 11 1 4 
2 0 0 6 12 6 1 4 14 1 12 9 14 13 0 7 
5 0 13 12 9 8 13 11 6 10 5 8 6 1 0 14 
3 14 13 9 1 13 14 0 12 0 7 2 5 10 11 5 
13 14 6 10 8 10 8 6 8 11 3 2 2 1 9 5 
2 6 6 1 4 2 1 1 1 6 10 14 10 9 4 5 
6 14 12 11 12 6 3 4 0 7 12 14 4 4 4 13 
3 3 12 8 0 8 6 5 5 0 7 7 11 8 9 11 
3 7 7 4 6 11 7 7 8 13 11 5 14 3 8 9 
7 12 11 14 3 12 4 0 0 2 2 2 7 2 4 8 
10 2 12 2 13 6 2 6 7 14 7 13 14 1 13 9 
10 1 13 8 8 5 3 11 3 3 10 10 4 9 3 13 

1 1 0 0 0 1 0 1 1 1 1 1 1 1 0 1 1 0 1 1 1 1 0 0 0 0 1 1 0 1 1 1 1 0 1 1 1 1 0 1 1 0 1 1 1 1 0 1 1 0 1 1 1 1 0 0 0 1 0 1 1 0 1 0 0 0 1 1 1 1 0 0 0 1 1 1 0 1 1 0 0 1 1 1 0 1 1 1 0 1 0 1 0 0 0 0 1 1 1 1 0 1 1 0 0 0 1 1 0 0 0 0 1 0 0 0 0 0 0 0 
